%YAML:1.0


cam0:
  T_cam_imu:
    - [0.99993999170635, 0.0027490388626255965, -0.010604516567782626, 0.02876515425751328]
    - [-0.0028561058749221368, 0.9999449707241155, -0.010094462976248055, -0.0008504514965995092]
    - [0.010576182937895756, 0.01012414484681949, 0.9998928172787244, -0.015117204240103193]
    - [0.0, 0.0, 0.0, 1.0]
  cam_overlaps: [1]
  camera_model: pinhole
  distortion_coeffs: [0.01507252109191685, -0.008066433061104342, 0.0018069516565358665, 0.0028632251486361707]
  distortion_model: radtan
  intrinsics: [431.92583325679567, 431.31816087619376, 429.30472533839674, 242.1046259313171]
  resolution: [848, 480]
  rostopic: /d455/infra1/image_rect_raw
  timeshift_cam_imu: 0.0007961331428310925
cam1:
  T_cam_imu:
    - [0.9999771123757548, 0.002450780995511859, -0.006306218927324151, -0.06614874590256178]
    - [-0.0025076104877248522, 0.9999561785018168, -0.009019587888851524, -0.0010672556302910724]
    - [0.006283837544777539, 0.009035194992633123, 0.999939437484669, -0.016306019732483974]
    - [0.0, 0.0, 0.0, 1.0]
  T_cn_cnm1:
    - [0.9999907171508454, -0.0003417364811537533, 0.00429520992636255, -0.09484899220207814]
    - [0.00033710675452762424, 0.9999993615344467, 0.0010785590994925002, -0.00021019680627873364]
    - [-0.004295575767010354, -0.0010771011431127866, 0.9999901938928969, -0.001066316856020889]
    - [0.0, 0.0, 0.0, 1.0]
  cam_overlaps: [0]
  camera_model: pinhole
  distortion_coeffs: [0.015752516720310795, -0.008969230242527498, 0.0018156395241314242, 0.0016416185714622914]
  distortion_model: radtan
  intrinsics: [431.93864406032276, 431.3346579890181, 427.9918165906256, 241.75657218303644]
  resolution: [848, 480]
  rostopic: /d455/infra2/image_rect_raw
  timeshift_cam_imu: 0.0007957711025674252


